4 0.948698 0.411343 0.026042 0.032870
4 0.969792 0.371528 0.030729 0.038426
4 0.963151 0.319444 0.028385 0.037037
4 0.972005 0.239815 0.026823 0.033333
4 0.952865 0.679630 0.031250 0.038889
4 0.971745 0.814120 0.032031 0.041204
4 0.924349 0.799306 0.029427 0.041204
4 0.827214 0.816667 0.006510 0.008333
4 0.842708 0.839583 0.018229 0.021759
4 0.873698 0.858796 0.025000 0.035185
4 0.978516 0.985417 0.021094 0.031019
4 0.622135 0.982639 0.023958 0.031944
4 0.620703 0.876157 0.025260 0.030093
4 0.367448 0.922685 0.023438 0.027778
4 0.355339 0.915509 0.011198 0.014352
4 0.392839 0.993750 0.009115 0.012500
4 0.396354 0.979861 0.015625 0.020833
4 0.169401 0.984028 0.020573 0.029167
4 0.051953 0.933333 0.015885 0.019444
4 0.460026 0.864583 0.026302 0.036574
4 0.464714 0.845833 0.028385 0.037963
4 0.493880 0.904630 0.021094 0.028704
4 0.818229 0.928704 0.019792 0.029630
4 0.806510 0.843750 0.020833 0.027315
3 0.057422 0.268750 0.113281 0.509722
3 0.211458 0.276620 0.090625 0.366204
3 0.321094 0.322222 0.100521 0.507407
3 0.401693 0.399306 0.103906 0.286574
3 0.664714 0.299306 0.081510 0.548611
3 0.745443 0.192361 0.061719 0.315278
3 0.740885 0.476620 0.084896 0.823611