4 1.118229 0.955093 0.016146 0.203704
4 1.194531 1.131713 0.018229 0.205093
4 1.235677 1.123843 0.017188 0.199537
4 1.280208 1.235880 0.016667 0.181944
4 1.397266 1.214120 0.014323 0.187500
4 1.405469 1.334028 0.008333 0.212500
4 1.316667 1.486806 0.007812 0.187500
4 1.186198 1.373148 0.006771 0.184259
4 1.135417 1.385880 0.005208 0.191204
4 1.115755 1.231481 0.009635 0.196296
4 1.076953 1.218750 0.008594 0.201389
4 1.067578 1.412963 0.006510 0.202778
4 1.159766 1.667361 0.010677 0.195833
4 0.918229 1.572222 0.016667 0.174074
4 1.111589 1.850000 0.012760 0.064815
4 0.465755 1.445602 0.015365 0.186574
4 0.446094 1.652778 0.005729 0.178704
4 0.467318 1.781713 0.009635 0.206019
4 0.620313 1.768287 0.017188 0.195833
4 0.628255 1.624537 0.011198 0.194444
4 0.586849 1.552315 0.007031 0.195370
4 0.754557 1.437500 0.009635 0.186111
4 0.748307 1.590509 0.015885 0.212500
4 0.741276 1.066435 0.014844 0.181944
4 0.731641 1.128472 0.019531 0.203241
4 0.932292 1.074537 0.007812 0.187037
4 0.938021 1.078472 0.006250 0.183796
4 0.965755 1.084028 0.009635 0.192130
4 0.978255 1.261806 0.003906 0.215278
4 0.902865 1.371991 0.015104 0.185648
4 1.861849 0.663657 0.011198 0.194907
4 1.870833 0.631944 0.011979 0.187963
4 1.676693 0.884722 0.011198 0.194444
4 1.698568 0.887037 0.009635 0.189815
4 1.794531 0.931713 0.008854 0.186574
4 1.766536 0.528935 0.012240 0.182870
4 1.710417 0.570370 0.018229 0.223148
4 1.696094 0.301157 0.011458 0.197685
4 1.612109 0.398380 0.016406 0.196759
4 1.166536 0.669213 0.015365 0.184722
4 0.996745 0.486111 0.014323 0.193519
4 1.019141 0.659028 0.015365 0.226389
4 0.808203 0.471528 0.015885 0.201389
4 0.678516 0.501389 0.017448 0.193519
4 0.694141 0.526157 0.009635 0.200463
4 0.709896 0.535417 0.011979 0.185648
4 0.723828 0.730324 0.011198 0.172685
4 0.761328 0.719676 0.015885 0.190278
4 0.295052 0.383102 0.012500 0.206019
4 0.161068 0.600231 0.016927 0.183796
4 0.059635 0.360880 0.008854 0.188426
4 0.055208 0.553472 0.010937 0.181019